Eyrolles conference/FME-RasterMozaiker-Délimitation.asc
ncols 246
nrows 211
xllcorner 2051097.5595944666
yllcorner 7276591.118082277
cellsize 1.0009862217800691
nodata_value -99999
[rows 0 to 31 of 211, columns 72 to 143 of 246]
138.16 138.15 138.16 138.16 138.16 138.15 138.14 138.13 138.13 138.13 138.12 138.11 138.11 138.11 138.14 138.12 138.08 138.1 138.12 138.12 138.13 138.13 138.13 138.15 138.16 138.17 138.16 138.16 138.16 138.15 138.12 138.1 138.06 138.02 138.02 138.03 138.04 138.05 138.03 138.05 138.03 138.01 137.99 138.01 137.99 138.07 138.07 138.07 138.08 138.06 138.08 138.06 138.07 138.06 138.08 138.08 138.07 138.08 138.08 138.08 138.08 138.07 138.07 137.89 137.84 137.84 137.84 137.79 137.73 137.7 137.65 137.68
138.16 138.16 138.16 138.16 138.15 138.15 138.15 138.14 138.13 138.14 138.13 138.12 138.12 138.11 138.14 138.13 138.08 138.11 138.11 138.13 138.13 138.13 138.13 138.14 138.16 138.17 138.16 138.16 138.16 138.15 138.14 138.11 138.07 138.01 138.01 138.01 138.05 138.06 138.04 138.04 138.03 138.04 138.01 138 137.99 138.03 138.07 138.08 138.08 138.05 138.08 138.07 138.07 138.08 138.07 138.07 138.07 138.08 138.09 138.08 138.08 138.09 138.08 137.92 137.85 137.84 137.83 137.77 137.72 137.68 137.63 137.65
138.17 138.17 138.17 138.17 138.16 138.16 138.15 138.14 138.14 138.13 138.13 138.13 138.12 138.12 138.15 138.12 138.07 138.1 138.12 138.13 138.13 138.13 138.12 138.14 138.15 138.16 138.17 138.17 138.16 138.15 138.13 138.11 138.07 138 138.01 138.01 138.03 138.08 138.06 138.04 138.02 138.03 138.03 138 137.98 138.05 138.07 138.07 138.07 138.08 138.07 138.07 138.06 138.07 138.08 138.07 138.08 138.08 138.09 138.08 138.08 138.08 138.08 137.95 137.86 137.83 137.81 137.79 137.74 137.68 137.64 137.63
138.18 138.18 138.18 138.17 138.16 138.15 138.14 138.14 138.13 138.13 138.13 138.13 138.13 138.12 138.13 138.11 138.08 138.1 138.12 138.13 138.13 138.13 138.12 138.14 138.15 138.17 138.16 138.17 138.17 138.15 138.13 138.11 138.06 138.01 138.01 138 138.02 138.07 138.03 138.05 138.02 138.05 138.08 138.04 137.95 138.03 138.06 138.07 138.07 138.08 138.07 138.07 138.07 138.07 138.08 138.07 138.08 138.08 138.08 138.09 138.09 138.09 138.08 138.02 137.88 137.83 137.8 137.79 137.75 137.73 137.66 137.58
138.17 138.18 138.18 138.17 138.17 138.16 138.14 138.14 138.13 138.13 138.12 138.13 138.13 138.12 138.12 138.11 138.06 138.1 138.11 138.13 138.13 138.13 138.13 138.18 138.16 138.18 138.17 138.18 138.17 138.15 138.12 138.1 138.08 137.99 138 137.99 138 138.06 138.07 138.06 138.03 138.05 138.11 138.07 137.96 137.99 138.07 138.07 138.08 138.08 138.08 138.08 138.08 138.07 138.08 138.07 138.08 138.08 138.09 138.09 138.08 138.09 138.08 138.06 137.89 137.83 137.81 137.81 137.73 137.76 137.68 137.58
138.18 138.16 138.18 138.17 138.16 138.15 138.14 138.13 138.12 138.12 138.12 138.12 138.12 138.11 138.12 138.1 138.06 138.1 138.11 138.13 138.13 138.13 138.13 138.18 138.2 138.23 138.22 138.19 138.18 138.16 138.13 138.1 138.06 138 137.98 137.96 137.99 138.04 138.09 138.09 138.06 138.07 138.14 138.06 137.97 137.94 138.07 138.07 138.08 138.09 138.08 138.09 138.08 138.08 138.08 138.08 138.08 138.08 138.09 138.08 138.09 138.08 138.09 138.09 137.89 137.84 137.82 137.77 137.74 137.71 137.64 137.59
138.19 138.18 138.17 138.17 138.16 138.15 138.14 138.13 138.12 138.12 138.13 138.12 138.11 138.11 138.11 138.09 138.06 138.09 138.11 138.12 138.13 138.12 138.18 138.2 138.22 138.23 138.24 138.23 138.2 138.16 138.11 138.09 138.06 137.99 137.98 137.97 137.98 138.03 138.08 138.06 138.09 138.1 138.1 138.04 137.97 137.96 138.03 138.07 138.08 138.07 138.09 138.06 138.06 138.09 138.08 138.1 138.09 138.08 138.08 138.07 138.09 138.08 138.08 138.08 137.9 137.85 137.83 137.79 137.72 137.68 137.63 137.58
138.17 138.18 138.16 138.16 138.15 138.14 138.13 138.13 138.13 138.12 138.12 138.11 138.11 138.09 138.11 138.08 138.06 138.08 138.1 138.12 138.13 138.14 138.2 138.2 138.27 138.28 138.28 138.19 138.18 138.15 138.11 138.07 138.04 138 137.96 137.96 137.96 138 138.04 138.07 138.1 138.09 138.09 138.05 137.98 137.95 138.02 138.08 138.08 138.08 138.09 138.1 138.08 138.08 138.09 138.08 138.09 138.08 138.07 138.08 138.08 138.08 138.07 138.03 137.96 137.88 137.81 137.79 137.76 137.69 137.65 137.58
138.12 138.15 138.17 138.16 138.15 138.13 138.12 138.12 138.12 138.11 138.11 138.1 138.1 138.09 138.11 138.09 138.05 138.08 138.1 138.12 138.11 138.14 138.16 138.21 138.28 138.28 138.27 138.22 138.18 138.14 138.12 138.08 138.04 137.98 137.95 137.96 137.94 138.02 138.05 138.09 138.07 138.09 138.07 138.02 137.98 137.95 138 138.08 138.08 138.09 138.09 138.09 138.08 138.08 138.09 138.09 138.09 138.08 138.08 138.08 138.08 138.08 138.08 138.09 137.99 137.88 137.83 137.83 137.79 137.68 137.64 137.58
138.1 138.11 138.15 138.15 138.13 138.12 138.11 138.11 138.11 138.11 138.1 138.09 138.09 138.07 138.1 138.08 138.05 138.08 138.1 138.11 138.11 138.12 138.15 138.2 138.21 138.23 138.21 138.18 138.16 138.13 138.1 138.07 138.04 137.99 137.95 137.95 137.95 137.98 138.04 138.06 138.05 138.04 138.03 138.02 138.01 138.01 138.02 138.08 138.08 138.09 138.09 138.09 138.09 138.09 138.09 138.09 138.09 138.08 138.08 138.08 138.08 138.08 138.08 138.08 138.05 137.88 137.81 137.82 137.77 137.7 137.64 137.58
138.09 138.08 138.1 138.14 138.13 138.11 138.1 138.1 138.11 138.1 138.1 138.09 138.08 138.08 138.09 138.07 138.04 138.08 138.09 138.1 138.1 138.12 138.14 138.18 138.21 138.19 138.19 138.17 138.15 138.11 138.09 138.07 138.04 137.98 137.93 137.94 137.94 137.98 138.01 138.04 138.05 138.1 137.96 138.01 138.05 138.07 138.08 138.08 138.09 138.09 138.08 138.09 138.09 138.09 138.08 138.09 138.09 138.09 138.08 138.08 138.07 138.07 138.07 138.07 138.07 137.88 137.88 137.8 137.75 137.72 137.6 137.57
138.07 138.07 138.06 138.11 138.14 138.11 138.1 138.1 138.09 138.1 138.1 138.09 138.08 138.07 138.09 138.07 138.03 138.07 138.09 138.09 138.1 138.1 138.1 138.13 138.16 138.15 138.14 138.12 138.11 138.09 138.09 138.06 138.03 137.99 137.93 137.93 137.93 137.99 138.03 138.02 138 138.05 138.01 138.05 138.06 138.06 138.08 138.08 138.07 138.07 138.08 138.09 138.09 138.09 138.09 138.09 138.08 138.08 138.08 138.08 138.06 138.07 138.07 138.08 138.08 137.89 137.84 137.77 137.72 137.68 137.62 137.55
138.08 138.06 138.05 138.05 138.1 138.11 138.09 138.09 138.09 138.09 138.09 138.09 138.08 138.07 138.08 138.06 138.03 138.06 138.08 138.09 138.09 138.07 138.08 138.09 138.1 138.11 138.1 138.1 138.07 138.09 138.07 138.05 138.03 137.99 137.93 137.92 137.93 137.93 138.04 138.02 137.98 138.06 138.05 138.07 138.07 138.07 138.08 138.07 138.08 138.08 138.08 138.08 138.09 138.08 138.09 138.08 138.08 138.08 138.07 138.08 138.07 138.07 138.07 138.08 138.09 137.92 137.84 137.78 137.73 137.67 137.61 137.56
138.06 138.06 138.05 138.04 138.07 138.1 138.12 138.08 138.08 138.08 138.09 138.08 138.08 138.07 138.07 138.05 138.03 138.05 138.06 138.07 138.08 138.07 138.08 138.07 138.07 138.1 138.09 138.08 138.08 138.07 138.06 138.04 138.02 137.99 137.92 137.92 137.92 137.93 138.04 138.01 138 138 138.06 138.03 138.07 138.07 138.06 138.08 138.07 138.07 138.08 138.09 138.09 138.09 138.08 138.08 138.08 138.08 138.07 138.08 138.08 138.08 138.07 138.08 138.08 137.99 137.87 137.81 137.73 137.67 137.63 137.58
138.06 138.06 138.04 138.03 138.03 138.07 138.09 138.08 138.07 138.09 138.08 138.08 138.07 138.06 138.06 138.04 138.02 138.04 138.06 138.07 138.07 138.06 138.06 138.05 138.06 138.07 138.07 138.06 138.05 138.05 138.05 138.03 138 137.98 137.92 137.91 137.92 137.92 138.01 138.03 138.01 138.05 138.07 138.07 138.08 138.07 138.08 138.08 138.08 138.08 138.08 138.08 138.09 138.08 138.08 138.09 138.09 138.09 138.08 138.09 138.08 138.08 138.07 138.08 138.08 138.02 137.9 137.82 137.74 137.68 137.62 137.58
138.06 138.05 138.04 138.04 138.02 138.03 138.08 138.08 138.06 138.06 138.07 138.06 138.04 138.04 138.06 138.03 138.02 138.04 138.05 138.06 138.06 138.06 138.05 138.03 138.04 138.04 138.05 138.05 138.04 138.04 138.03 138.02 137.99 137.97 137.92 137.89 137.91 137.91 137.97 138.04 138.04 138.04 138.09 138.08 138.08 138.08 138.07 138.09 138.09 138.08 138.07 138.08 138.08 138.09 138.09 138.08 138.08 138.09 138.09 138.09 138.09 138.08 138.08 138.08 138.08 137.99 137.92 137.85 137.77 137.72 137.67 137.64
138.05 138.05 138.04 138.04 138.02 138.01 138.04 138.06 138.07 138.04 138.05 138.04 138.03 138.03 138.06 138.03 138.01 138.03 138.04 138.05 138.05 138.04 138.04 138.03 138.03 138.03 138.03 138.03 138.03 138.03 138.02 138.01 137.98 137.97 137.91 137.88 137.89 137.92 137.98 138.09 138.02 138.02 138.09 138.08 138.08 138.08 138.07 138.08 138.09 138.08 138.08 138.08 138.09 138.09 138.09 138.08 138.09 138.09 138.09 138.09 138.1 138.08 138.06 138.03 138.02 137.99 137.93 137.85 137.8 137.74 137.69 137.68
138.05 138.04 138.04 138.04 138.02 138.01 138.02 138.04 138.06 138.06 138.04 138.04 138.03 138.02 138.05 138.02 138 138.02 138.03 138.03 138.03 138.04 138.02 138.03 138.02 138.03 138.02 138.03 138.03 138.02 138.02 137.99 137.98 137.95 137.92 137.88 137.86 137.9 137.97 138.08 138.11 138.05 138.11 138.1 138.08 138.08 138.08 138.08 138.08 138.08 138.08 138.08 138.1 138.1 138.08 138.09 138.08 138.09 138.08 138.07 138.06 138.05 138.04 138.02 138 137.97 137.93 137.88 137.82 137.76 137.72 137.69
138.04 138.03 138.03 138.03 138.02 138.02 138.02 138.02 138.05 138.07 138.03 138.03 138.02 138.02 138.04 138.02 137.99 138.01 138.03 138.02 138.01 138.02 138.02 138.03 138.02 138.02 138.02 138.01 138.01 138.01 138 137.97 137.96 137.94 137.92 137.86 137.87 137.88 137.94 138.04 138.11 138.09 138.11 138.1 138.08 138.07 138.08 138.09 138.09 138.08 138.07 138.07 138.07 138.07 138.07 138.07 138.07 138.07 138.07 138.06 138.02 138.03 138.01 137.99 137.97 137.94 137.91 137.88 137.82 137.78 137.74 137.72
138.04 138.04 138.03 138.04 138.03 138.02 138.02 138.01 138.01 138.05 138.05 138.02 138.02 138.01 138.03 138.01 137.99 138.01 138.02 138.01 138 138.01 138.01 138.01 138.02 138.02 138.02 138.01 137.99 137.99 137.98 137.96 137.95 137.93 137.9 137.84 137.86 137.89 137.91 138.01 138.05 138.06 138.09 138.1 138.08 138.08 138.07 138.08 138.07 138.05 138.07 138.05 138.06 138.05 138.05 138.06 138.07 138.06 138.05 138.04 138.01 138.01 137.99 137.97 137.95 137.92 137.9 137.87 137.83 137.8 137.76 137.74
138.03 138.03 138.03 138.04 138.03 138.03 138.02 138.01 138.01 138.03 138.04 138.04 138.01 138.01 138.02 138 137.98 138 138 138 137.99 138 138 137.99 138 138 138 138.01 137.99 137.97 137.96 137.95 137.93 137.91 137.89 137.84 137.85 137.88 137.9 137.95 138 138.04 138.07 138.07 138.08 138.06 138.06 138.07 138.05 138.05 138.04 138.04 138.05 138.04 138.03 138.04 138.03 138.03 138.01 138.01 137.99 137.99 137.97 137.95 137.93 137.9 137.88 137.86 137.85 137.82 137.79 137.77
138.02 138.02 138.02 138.02 138.01 138.02 138.02 138.01 138 138 138.02 138.03 138.01 137.99 138.01 138 137.98 137.99 137.99 137.99 137.98 137.99 137.98 137.97 137.99 137.99 137.99 137.98 137.97 137.94 137.94 137.93 137.92 137.9 137.88 137.82 137.84 137.86 137.93 137.95 138 138.05 138.05 138.05 138.06 138.06 138.05 138.04 138.04 138.03 138.03 138.03 138.03 138.02 138.01 138.01 138.01 138 137.99 137.98 137.98 137.96 137.95 137.93 137.9 137.88 137.87 137.85 137.83 137.82 137.8 137.79
138.01 138.01 138.01 138 138.01 138.01 138.01 137.99 138 137.99 137.98 138.01 138.03 138 138.02 137.98 137.97 137.98 137.97 137.97 137.97 137.98 137.97 137.97 137.97 137.96 137.97 137.96 137.95 137.92 137.92 137.91 137.91 137.89 137.88 137.85 137.83 137.85 137.88 137.95 137.98 138.03 138.04 138.03 138.02 138.03 138.04 138.02 138.02 138.01 138.01 138 138 137.99 137.99 137.98 137.97 137.96 137.97 137.96 137.94 137.93 137.92 137.9 137.88 137.87 137.84 137.84 137.83 137.82 137.81 137.8
138 137.99 137.99 137.99 137.99 137.99 137.98 137.98 137.99 137.97 137.97 137.98 138 138.02 138.01 137.95 137.95 137.97 137.96 137.96 137.96 137.97 137.96 137.95 137.95 137.95 137.94 137.95 137.94 137.92 137.9 137.9 137.9 137.88 137.89 137.82 137.81 137.84 137.85 137.93 137.99 138 137.99 138.01 138 138.02 138.04 138.01 137.99 137.99 137.99 137.97 137.98 137.97 137.97 137.95 137.95 137.93 137.91 137.91 137.91 137.89 137.89 137.86 137.85 137.83 137.82 137.83 137.82 137.81 137.81 137.78
137.98 137.98 137.97 137.98 137.98 137.98 137.97 137.97 137.97 137.97 137.97 137.96 137.98 137.99 138 137.96 137.95 137.96 137.96 137.95 137.97 137.97 137.95 137.94 137.94 137.93 137.92 137.92 137.93 137.92 137.89 137.89 137.88 137.87 137.85 137.84 137.81 137.83 137.86 137.92 137.96 137.98 137.99 137.98 137.98 137.98 137.98 137.97 137.96 137.96 137.96 137.95 137.94 137.94 137.93 137.92 137.91 137.9 137.87 137.86 137.86 137.84 137.83 137.82 137.82 137.8 137.79 137.8 137.85 137.88 137.85 137.8
137.96 137.96 137.96 137.97 137.97 137.97 137.97 137.97 137.97 137.97 137.96 137.96 137.96 137.98 137.98 137.94 137.93 137.93 137.94 137.95 137.95 137.94 137.93 137.92 137.91 137.91 137.9 137.9 137.9 137.89 137.89 137.87 137.86 137.85 137.84 137.82 137.81 137.83 137.85 137.89 137.95 137.96 137.97 137.96 137.96 137.96 137.96 137.94 137.95 137.93 137.92 137.93 137.92 137.91 137.91 137.89 137.88 137.86 137.84 137.82 137.81 137.81 137.8 137.79 137.78 137.78 137.76 137.78 137.89 137.93 137.91 137.79
137.95 137.95 137.95 137.96 137.96 137.98 137.98 137.99 137.96 137.97 137.97 137.99 137.98 137.97 137.95 137.91 137.91 137.92 137.92 137.93 137.93 137.91 137.9 137.9 137.89 137.89 137.88 137.88 137.87 137.86 137.88 137.86 137.83 137.82 137.81 137.8 137.8 137.81 137.84 137.86 137.94 137.94 137.94 137.94 137.94 137.93 137.92 137.92 137.9 137.9 137.9 137.89 137.9 137.89 137.88 137.87 137.85 137.8 137.8 137.78 137.77 137.76 137.75 137.74 137.74 137.75 137.75 137.76 137.88 137.9 137.87 137.76
137.96 137.95 137.96 137.99 138.02 138.01 138.03 138.01 137.98 137.99 138 138.01 137.98 137.97 137.94 137.91 137.89 137.89 137.89 137.9 137.89 137.88 137.88 137.87 137.86 137.85 137.84 137.83 137.82 137.82 137.81 137.81 137.81 137.8 137.79 137.79 137.81 137.81 137.83 137.86 137.91 137.91 137.92 137.91 137.91 137.91 137.9 137.89 137.88 137.87 137.86 137.87 137.86 137.88 137.83 137.83 137.81 137.78 137.75 137.72 137.72 137.71 137.7 137.7 137.71 137.7 137.7 137.71 137.76 137.72 137.72 137.75
137.98 138 137.98 137.99 138.04 138.01 138.02 137.95 137.9 137.96 137.96 137.92 137.91 137.91 137.89 137.88 137.91 137.89 137.87 137.86 137.85 137.85 137.84 137.84 137.84 137.84 137.83 137.82 137.8 137.8 137.79 137.79 137.79 137.79 137.79 137.78 137.8 137.82 137.83 137.84 137.89 137.88 137.88 137.87 137.86 137.85 137.87 137.86 137.85 137.83 137.82 137.83 137.82 137.83 137.81 137.8 137.75 137.74 137.71 137.69 137.67 137.66 137.65 137.68 137.69 137.71 137.71 137.72 137.75 137.75 137.77 137.79
137.94 137.94 137.91 137.9 137.89 137.91 137.88 137.88 137.86 137.88 137.87 137.87 137.89 137.88 137.85 137.86 137.89 137.88 137.86 137.86 137.85 137.84 137.83 137.83 137.82 137.81 137.81 137.8 137.77 137.77 137.76 137.77 137.77 137.77 137.76 137.77 137.8 137.81 137.81 137.82 137.87 137.86 137.87 137.85 137.84 137.84 137.85 137.83 137.8 137.8 137.78 137.78 137.76 137.75 137.75 137.75 137.74 137.73 137.72 137.71 137.72 137.72 137.72 137.73 137.74 137.75 137.75 137.76 137.77 137.79 137.8 137.82
137.85 137.84 137.85 137.85 137.85 137.84 137.85 137.85 137.84 137.85 137.87 137.87 137.87 137.88 137.85 137.85 137.87 137.87 137.86 137.85 137.83 137.83 137.81 137.81 137.8 137.79 137.78 137.77 137.76 137.71 137.74 137.74 137.75 137.75 137.73 137.75 137.79 137.8 137.8 137.8 137.83 137.82 137.84 137.83 137.83 137.83 137.83 137.82 137.81 137.8 137.8 137.78 137.78 137.78 137.77 137.76 137.76 137.75 137.73 137.75 137.75 137.76 137.76 137.77 137.78 137.78 137.8 137.81 137.82 137.82 137.83 137.85
137.83 137.83 137.83 137.83 137.84 137.85 137.87 137.87 137.85 137.86 137.86 137.86 137.86 137.87 137.83 137.82 137.85 137.84 137.84 137.84 137.82 137.81 137.79 137.73 137.77 137.77 137.76 137.74 137.72 137.68 137.68 137.68 137.69 137.71 137.71 137.73 137.76 137.77 137.79 137.82 137.83 137.84 137.85 137.85 137.87 137.86 137.85 137.84 137.84 137.83 137.83 137.81 137.81 137.81 137.81 137.79 137.79 137.78 137.77 137.78 137.78 137.8 137.81 137.82 137.82 137.83 137.84 137.85 137.85 137.88 137.89 137.9
