Eyrolles conference/FME-RasterMozaiker-Délimitation.asc
ncols 246
nrows 211
xllcorner 2051097.5595944666
yllcorner 7276591.118082277
cellsize 1.0009862217800691
nodata_value -99999
[rows 128 to 159 of 211, columns 0 to 71 of 246]
137.67 137.69 137.69 137.69 137.67 137.65 137.66 137.66 137.58 137.66 137.74 137.76 137.77 137.75 137.73 137.72 137.7 137.79 137.85 137.75 137.7 137.51 137.48 137.49 137.77 137.95 137.93 137.9 137.92 137.92 137.95 137.93 137.98 137.96 137.77 137.63 137.59 137.6 137.57 137.56 137.56 137.56 137.57 137.58 137.6 137.62 137.65 137.67 138.3 138.98 139.33 139.35 139.35 139.34 139.34 139.35 139.35 139.32 139.31 139.28 139.15 139.02 138.89 138.76 138.63 138.5 138.37 138.24 138.11 137.98 137.92 137.91
137.86 137.81 137.75 137.69 137.69 137.68 137.68 137.67 137.69 137.74 137.73 137.74 137.73 137.77 137.72 137.69 137.71 137.74 137.76 137.65 137.54 137.49 137.47 137.49 137.58 137.6 137.77 137.91 137.8 137.78 137.65 137.62 137.62 137.62 137.59 137.58 137.58 137.58 137.55 137.55 137.55 137.55 137.57 137.58 137.61 137.62 137.64 137.72 138.58 139.32 139.34 139.35 139.34 139.34 139.35 139.36 139.32 139.31 139.31 139.31 139.3 139.29 139.21 139.08 138.95 138.82 138.69 138.56 138.43 138.31 138.18 138.2
138.03 137.95 137.85 137.75 137.71 137.7 137.69 137.69 137.71 137.71 137.71 137.73 137.73 137.73 137.75 137.69 137.68 137.7 137.82 137.65 137.49 137.5 137.49 137.52 137.59 137.61 137.6 137.61 137.62 137.63 137.61 137.62 137.61 137.59 137.57 137.55 137.55 137.54 137.54 137.53 137.53 137.54 137.57 137.59 137.61 137.64 137.66 138.78 139.08 139.34 139.35 139.35 139.35 139.34 139.35 139.33 139.29 139.31 139.31 139.3 139.3 139.3 139.29 139.29 139.27 139.14 139.02 138.89 138.76 138.63 138.5 138.44
138.14 138.04 137.94 137.84 137.73 137.72 137.72 137.71 137.73 137.74 137.74 137.76 137.75 137.76 137.73 137.74 137.61 137.69 137.81 137.77 137.57 137.54 137.51 137.52 137.57 137.61 137.62 137.62 137.61 137.62 137.65 137.65 137.62 137.59 137.56 137.53 137.52 137.51 137.53 137.52 137.52 137.55 137.57 137.6 137.63 137.66 138.5 138.94 139.19 139.35 139.35 139.34 139.32 139.34 139.35 139.33 139.32 139.31 139.3 139.3 139.29 139.29 139.29 139.28 139.28 139.28 139.27 139.21 139.08 138.95 138.82 138.69
138.23 138.13 138.03 137.93 137.83 137.74 137.74 137.73 137.74 137.76 137.76 137.79 137.81 137.79 137.8 137.72 137.64 137.68 137.82 137.71 137.59 137.54 137.52 137.58 137.62 137.62 137.62 137.66 137.71 137.76 137.79 137.75 137.69 137.6 137.55 137.52 137.52 137.52 137.52 137.51 137.51 137.54 137.59 137.61 137.63 137.67 138.81 138.99 139.33 139.36 139.35 139.35 139.34 139.37 139.36 139.33 139.33 139.31 139.3 139.3 139.3 139.29 139.29 139.28 139.28 139.27 139.27 139.27 139.26 139.27 139.14 139.01
138.32 138.22 138.12 138.02 137.92 137.81 137.76 137.75 137.76 137.78 137.78 137.81 137.8 137.84 137.82 137.74 137.66 137.76 137.84 137.71 137.6 137.54 137.55 137.63 137.67 137.72 137.77 137.81 137.86 137.9 137.88 137.84 137.74 137.64 137.57 137.55 137.53 137.53 137.5 137.48 137.49 137.54 137.6 137.63 137.66 137.69 138.89 139.2 139.34 139.35 139.34 139.35 139.35 139.34 139.32 139.34 139.33 139.33 139.31 139.3 139.29 139.29 139.3 139.29 139.29 139.28 139.27 139.27 139.26 139.25 139.25 139.26
138.41 138.31 138.21 138.11 138.01 137.91 137.78 137.78 137.78 137.79 137.8 137.83 137.78 137.87 137.96 137.85 137.69 137.81 137.74 137.57 137.55 137.55 137.68 137.77 137.82 137.87 137.91 137.96 138 138.02 137.98 137.89 137.79 137.69 137.6 137.55 137.54 137.52 137.49 137.46 137.43 137.55 137.63 137.67 137.69 138.24 138.94 139.25 139.35 139.35 139.34 139.34 139.37 139.38 139.34 139.35 139.34 139.33 139.32 139.31 139.3 139.29 139.29 139.28 139.28 139.29 139.28 139.28 139.27 139.26 139.26 139.25
138.49 138.4 138.3 138.2 138.1 138 137.9 137.8 137.79 137.81 137.82 137.83 137.8 137.89 137.98 137.99 137.9 137.91 137.84 137.83 137.69 137.72 137.9 137.92 137.97 138.01 138.06 138.11 138.15 138.12 138.04 137.94 137.84 137.74 137.64 137.56 137.54 137.53 137.49 137.46 137.48 137.6 137.67 137.71 137.73 138.92 139.17 139.33 139.34 139.33 139.34 139.34 139.36 139.35 139.34 139.34 139.34 139.33 139.32 139.32 139.3 139.29 139.29 139.28 139.28 139.27 139.27 139.28 139.28 139.28 139.27 139.26
138.57 138.48 138.39 138.29 138.19 138.09 137.99 137.87 137.82 137.82 137.84 137.82 137.83 137.92 138.01 138.15 138.12 138.07 138.01 137.98 138.03 137.96 138.11 138.09 138.11 138.16 138.21 138.25 138.25 138.18 138.08 137.99 137.89 137.79 137.69 137.6 137.55 137.54 137.49 137.48 137.55 137.71 137.73 137.75 137.98 139.02 139.24 139.33 139.35 139.33 139.32 139.35 139.35 139.34 139.34 139.33 139.33 139.33 139.33 139.32 139.31 139.3 139.29 139.28 139.28 139.28 139.27 139.27 139.26 139.26 139.28 139.28
138.61 138.53 138.46 138.37 138.28 138.18 138.08 137.98 137.84 137.84 137.85 137.8 137.85 137.96 138.14 138.2 138.13 138.11 138.06 138.07 138.26 138.22 138.32 138.27 138.26 138.31 138.35 138.39 138.33 138.23 138.13 138.04 137.94 137.84 137.74 137.64 137.56 137.54 137.53 137.51 137.65 137.83 137.8 137.82 138.94 139.16 139.3 139.33 139.35 139.33 139.32 139.33 139.33 139.33 139.33 139.33 139.33 139.32 139.32 139.32 139.32 139.31 139.3 139.29 139.28 139.28 139.27 139.27 139.26 139.26 139.25 139.25
138.64 138.56 138.49 138.41 138.34 138.26 138.17 138.07 137.95 137.86 137.84 137.79 137.92 138.11 138.35 138.13 138.26 138.21 138.19 138.3 138.52 138.5 138.53 138.45 138.41 138.45 138.5 138.48 138.38 138.28 138.18 138.09 137.99 137.89 137.79 137.69 137.59 137.55 137.53 137.52 137.7 137.86 137.88 137.9 139.08 139.21 139.31 139.33 139.34 139.34 139.32 139.33 139.36 139.31 139.32 139.32 139.32 139.32 139.32 139.31 139.31 139.31 139.3 139.29 139.28 139.28 139.27 139.27 139.26 139.26 139.26 139.28
138.67 138.6 138.52 138.44 138.37 138.29 138.22 138.14 138.06 137.92 137.91 137.86 137.92 138.33 138.23 138.15 138.32 138.3 138.33 138.5 138.73 138.76 138.74 138.63 138.56 138.6 138.62 138.53 138.43 138.33 138.23 138.13 138.04 137.94 137.84 137.74 137.64 137.56 137.53 137.51 137.86 137.96 137.95 138.62 139.17 139.26 139.3 139.32 139.33 139.34 139.31 139.35 139.33 139.32 139.31 139.31 139.31 139.31 139.31 139.31 139.31 139.3 139.3 139.3 139.29 139.28 139.27 139.27 139.27 139.26 139.28 139.28
138.7 138.63 138.55 138.48 138.4 138.33 138.26 138.21 138.13 138.07 138.03 137.98 138.08 138.41 138.3 138.34 138.46 138.42 138.5 138.69 138.91 139 138.99 138.81 138.7 138.75 138.68 138.58 138.48 138.38 138.28 138.18 138.09 137.99 137.89 137.79 137.69 137.58 137.53 137.7 138.07 138.03 138.02 139.14 139.22 139.3 139.28 139.28 139.32 139.33 139.3 139.32 139.33 139.34 139.31 139.31 139.3 139.3 139.3 139.3 139.3 139.3 139.3 139.29 139.29 139.29 139.28 139.27 139.27 139.26 139.26 139.28
138.74 138.67 138.61 138.54 138.48 138.43 138.36 138.41 138.33 138.22 138.19 138.14 138.3 138.49 138.53 138.57 138.55 138.57 138.89 138.86 139.02 139 138.97 138.98 138.85 138.83 138.73 138.63 138.53 138.43 138.33 138.24 138.15 138.06 137.97 137.89 137.77 137.64 137.68 137.98 138.14 138.12 138.1 139.15 139.22 139.27 139.28 139.29 139.33 139.31 139.3 139.32 139.33 139.34 139.32 139.31 139.31 139.3 139.3 139.29 139.3 139.3 139.29 139.29 139.29 139.28 139.28 139.27 139.27 139.27 139.23 139.24
138.82 138.75 138.7 138.65 138.58 138.62 138.63 138.59 138.43 138.38 138.33 138.33 138.55 138.66 138.7 138.74 138.74 138.78 138.96 139.06 139.01 139 138.95 139 138.98 138.89 138.79 138.7 138.61 138.52 138.43 138.34 138.25 138.17 138.11 137.97 137.86 137.83 137.99 138.28 138.21 138.19 138.17 138.72 139.28 139.25 139.28 139.3 139.32 139.31 139.31 139.32 139.33 139.34 139.34 139.32 139.31 139.31 139.3 139.3 139.29 139.29 139.29 139.29 139.28 139.28 139.28 139.27 139.27 139.27 139.25 139.23
138.92 138.86 138.81 138.83 138.8 138.78 138.74 138.7 138.57 138.54 138.47 138.54 138.71 138.68 138.75 138.84 138.85 138.86 138.98 139.06 139.03 138.99 138.98 138.98 139 138.99 138.9 138.81 138.72 138.63 138.54 138.45 138.4 138.32 138.19 138.1 138 138.1 138.24 138.32 138.29 138.25 138.4 138.87 139.28 139.29 139.28 139.29 139.3 139.29 139.31 139.32 139.33 139.34 139.34 139.33 139.32 139.31 139.31 139.3 139.3 139.29 139.29 139.28 139.28 139.28 139.27 139.27 139.28 139.28 139.27 139.24
139.03 139 138.98 138.96 138.92 138.88 138.85 138.8 138.72 138.7 138.63 139.02 138.97 138.92 138.94 138.98 139.01 138.98 139.06 139.08 139.06 139.04 138.97 138.99 139.01 139.01 139 138.91 138.82 138.74 138.68 138.62 138.52 138.42 138.33 138.24 138.27 138.38 138.5 138.39 138.35 138.31 138.59 138.99 139.27 139.29 139.3 139.3 139.29 139.31 139.31 139.32 139.33 139.34 139.34 139.34 139.33 139.32 139.31 139.31 139.3 139.3 139.29 139.29 139.28 139.28 139.27 139.28 139.28 139.26 139.25 139.22
139.04 139.04 139.06 139.05 139.03 138.99 138.95 138.89 138.88 138.84 138.89 139.16 139.12 139.11 139.1 139.12 139.11 139.13 139.14 139.12 139.09 139.05 139 138.99 139 138.99 139 139.02 138.96 138.91 138.85 138.75 138.65 138.56 138.47 138.43 138.54 138.65 138.54 138.45 138.42 138.47 138.84 139.25 139.29 139.29 139.31 139.32 139.32 139.34 139.33 139.33 139.33 139.34 139.34 139.34 139.33 139.33 139.32 139.31 139.31 139.3 139.3 139.29 139.29 139.28 139.27 139.29 139.27 139.23 139.22 139.22
139.02 139.03 139.04 139.04 139.05 139.04 138.98 138.99 138.94 138.94 139.08 139.1 139.1 139.14 139.14 139.16 139.13 139.17 139.17 139.15 139.1 139.06 139.02 139.01 139 139.02 138.98 139.03 139.03 139.06 138.98 138.89 138.79 138.7 138.61 138.7 138.76 138.73 138.56 138.53 138.48 138.64 138.99 139.29 139.31 139.29 139.32 139.3 139.34 139.34 139.34 139.34 139.33 139.34 139.34 139.34 139.35 139.33 139.33 139.32 139.32 139.31 139.3 139.3 139.29 139.28 139.29 139.3 139.28 139.24 139.22 139.19
139.04 139.02 139.02 139.01 139.03 139.01 139.01 139 139 139.01 139.12 139.11 139.12 139.19 139.2 139.17 139.16 139.21 139.2 139.18 139.1 139.05 139.04 139.02 139.01 139.01 139.02 139.03 139.03 139.03 139.03 139.03 138.93 138.84 138.86 138.86 138.83 138.77 138.62 138.58 138.55 138.79 139.12 139.29 139.3 139.32 139.31 139.33 139.35 139.35 139.34 139.35 139.34 139.34 139.34 139.34 139.35 139.34 139.33 139.33 139.32 139.32 139.31 139.3 139.29 139.28 139.3 139.3 139.27 139.25 139.21 139.22
139.07 139.05 139.04 139.03 139.03 139.03 139.03 139.03 139.02 139.02 139.09 139.13 139.16 139.2 139.22 139.2 139.21 139.23 139.22 139.21 139.12 139.05 139.05 139.03 139.04 139.02 139 139.01 139.02 139.02 139.01 139 139 138.99 138.94 138.91 138.87 138.74 138.7 138.67 138.71 138.93 139.21 139.32 139.31 139.33 139.3 139.34 139.34 139.35 139.35 139.35 139.35 139.34 139.34 139.34 139.35 139.35 139.34 139.33 139.33 139.32 139.32 139.3 139.29 139.28 139.31 139.28 139.24 139.21 139.2 139.25
139.07 139.09 139.07 139.06 139.06 139.04 139.04 139.04 139.05 139.06 139.07 139.09 139.12 139.15 139.17 139.22 139.24 139.25 139.25 139.24 139.19 139.13 139.08 139.09 139.09 139.07 139.04 139.03 139.01 139 138.99 138.98 138.98 138.97 138.95 138.92 138.86 138.82 138.78 138.74 138.88 139.12 139.3 139.31 139.33 139.32 139.32 139.35 139.35 139.35 139.34 139.36 139.35 139.33 139.35 139.34 139.35 139.35 139.34 139.34 139.33 139.33 139.32 139.31 139.29 139.3 139.3 139.25 139.24 139.22 139.21 139.19
139.06 139.05 139.09 139.08 139.08 139.08 139.06 139.06 139.05 139.05 139.07 139.06 139.08 139.1 139.13 139.15 139.18 139.24 139.24 139.27 139.23 139.18 139.1 139.09 139.1 139.09 139.07 139.01 139.02 139.04 138.99 138.97 138.97 138.98 138.99 138.91 138.9 138.91 138.87 138.84 139.01 139.2 139.31 139.32 139.32 139.32 139.33 139.35 139.35 139.34 139.35 139.34 139.35 139.35 139.35 139.37 139.36 139.35 139.35 139.34 139.34 139.33 139.32 139.31 139.3 139.28 139.29 139.26 139.24 139.2 139.18 139.15
139.04 139.05 139.09 139.06 139.06 139.07 139.08 139.08 139.08 139.08 139.07 139.06 139.06 139.06 139.08 139.11 139.13 139.14 139.17 139.21 139.2 139.2 139.13 139.11 139.11 139.11 139.11 139.1 139.07 139.08 139.09 139.05 139.01 138.98 138.97 138.98 138.98 138.96 138.93 139 139.13 139.29 139.31 139.33 139.31 139.34 139.34 139.34 139.34 139.34 139.34 139.35 139.35 139.36 139.37 139.37 139.38 139.38 139.35 139.35 139.35 139.34 139.33 139.32 139.31 139.3 139.28 139.26 139.21 139.2 139.18 139.09
139 139.04 139.07 139.04 139.03 139.06 139.07 139.07 139.08 139.08 139.08 139.09 139.08 139.07 139.07 139.06 139.08 139.09 139.11 139.14 139.16 139.18 139.17 139.16 139.14 139.12 139.12 139.14 139.15 139.11 139.1 139.11 139.07 139.02 139 139 139.01 138.99 138.99 139.09 139.21 139.32 139.33 139.34 139.33 139.33 139.32 139.3 139.31 139.34 139.34 139.36 139.36 139.36 139.36 139.36 139.37 139.36 139.34 139.35 139.35 139.35 139.34 139.34 139.29 139.3 139.32 139.23 139.2 139.19 139.15 139.03
138.98 139 139.02 139.02 139.02 139.04 139.04 139.05 139.06 139.06 139.03 139.06 139.06 139.1 139.08 139.08 139.07 139.07 139.07 139.09 139.11 139.13 139.14 139.16 139.17 139.17 139.16 139.13 139.11 139.1 139.11 139.12 139.1 139.05 139.04 139.03 139.04 139.03 139.07 139.15 139.25 139.34 139.36 139.34 139.33 139.33 139.32 139.3 139.32 139.31 139.31 139.35 139.35 139.34 139.35 139.35 139.34 139.34 139.33 139.35 139.35 139.35 139.35 139.32 139.3 139.33 139.28 139.23 139.2 139.17 139.14 139.03
139 138.97 138.97 138.98 138.99 139 138.99 139.01 139.04 139.05 139.02 139.03 139.03 139.16 139.14 139.09 139.09 139.08 139.08 139.08 139.09 139.09 139.11 139.13 139.14 139.16 139.17 139.19 139.16 139.13 139.09 139.08 139.09 139.08 139.09 139.07 139.07 139.05 139.18 139.26 139.28 139.32 139.34 139.35 139.36 139.35 139.33 139.32 139.34 139.33 139.31 139.34 139.34 139.33 139.33 139.33 139.34 139.34 139.36 139.35 139.35 139.35 139.35 139.32 139.33 139.33 139.25 139.22 139.2 139.17 139.05 139.01
139.01 139 138.99 138.97 138.96 138.97 138.98 138.99 139.03 139.07 138.98 138.99 138.99 139.14 139.18 139.16 139.14 139.11 139.12 139.1 139.1 139.1 139.1 139.11 139.12 139.13 139.15 139.17 139.18 139.19 139.18 139.14 139.11 139.12 139.13 139.11 139.11 139.14 139.3 139.33 139.31 139.33 139.34 139.36 139.37 139.33 139.33 139.35 139.35 139.33 139.33 139.34 139.34 139.34 139.34 139.34 139.33 139.35 139.35 139.35 139.35 139.36 139.32 139.35 139.36 139.28 139.24 139.22 139.21 139.14 139.02 138.97
139.03 139.02 139.01 138.98 138.98 138.96 138.95 138.95 138.99 139.05 138.98 139 139 139.07 139.14 139.15 139.15 139.14 139.13 139.15 139.14 139.12 139.12 139.12 139.12 139.13 139.13 139.14 139.15 139.16 139.17 139.19 139.2 139.2 139.17 139.16 139.15 139.21 139.31 139.3 139.33 139.34 139.38 139.37 139.35 139.34 139.33 139.35 139.34 139.33 139.34 139.35 139.35 139.37 139.37 139.37 139.34 139.32 139.34 139.35 139.36 139.35 139.33 139.37 139.36 139.32 139.27 139.29 139.19 139.09 139 138.96
139.06 139.04 139.03 139.01 139 138.98 138.97 138.96 138.95 138.99 138.97 138.98 139 139.04 139.07 139.09 139.13 139.12 139.09 139.12 139.15 139.09 139.09 139.12 139.14 139.15 139.14 139.13 139.14 139.15 139.16 139.16 139.18 139.2 139.21 139.21 139.2 139.19 139.27 139.29 139.35 139.37 139.35 139.36 139.34 139.33 139.36 139.35 139.34 139.35 139.36 139.35 139.36 139.36 139.38 139.38 139.34 139.34 139.33 139.34 139.35 139.35 139.36 139.38 139.33 139.33 139.27 139.33 139.17 139.08 138.98 138.97
139.07 139.07 139.04 139.04 139.02 139.01 139 138.98 138.98 138.97 138.97 138.97 138.97 138.98 139.04 139.09 139.07 139.1 139.06 139.09 139.13 139.11 139.07 139.1 139.13 139.16 139.16 139.16 139.15 139.15 139.15 139.15 139.16 139.17 139.18 139.19 139.21 139.22 139.27 139.28 139.31 139.29 139.28 139.31 139.33 139.34 139.36 139.35 139.34 139.35 139.35 139.35 139.37 139.38 139.38 139.38 139.36 139.36 139.37 139.36 139.36 139.38 139.38 139.36 139.29 139.26 139.24 139.22 139.07 139 138.97 138.99
139.08 139.07 139.07 139.05 139.03 139.02 139.01 139.02 139 138.99 138.99 138.99 139 138.99 139.01 139.04 139.04 139.07 139.03 139.06 139.09 139.09 139.06 139.09 139.12 139.18 139.16 139.15 139.14 139.17 139.17 139.17 139.17 139.17 139.16 139.17 139.19 139.2 139.21 139.23 139.26 139.26 139.29 139.3 139.34 139.37 139.36 139.38 139.38 139.4 139.41 139.4 139.4 139.4 139.41 139.43 139.43 139.42 139.42 139.41 139.4 139.41 139.42 139.33 139.26 139.24 139.24 139.16 139.06 139.03 138.98 138.99
