Eyrolles conference/FME-RasterMozaiker-Délimitation.asc
ncols 246
nrows 211
xllcorner 2051097.5595944666
yllcorner 7276591.118082277
cellsize 1.0009862217800691
nodata_value -99999
[rows 128 to 159 of 211, columns 72 to 143 of 246]
137.73 137.74 138.25 138.82 139.22 139.24 139.31 139.27 139.26 139.24 139.15 139.03 138.97 138.99 139 139.03 139.02 139.01 138.96 139.08 139.09 139.2 139.33 139.36 139.35 139.27 139.34 139.41 139.45 139.47 139.5 139.52 139.54 139.56 139.58 139.61 139.63 139.65 139.67 139.7 139.73 139.77 139.75 139.98 140.01 139.99 139.99 139.99 140 140.01 140.03 140.03 140 139.99 139.98 139.73 139.76 139.79 139.7 139.7 139.71 139.72 139.74 139.72 139.7 139.67 139.64 139.61 139.59 139.56 139.53 139.51
138.02 138.05 138.47 139.04 139.25 139.23 139.32 139.28 139.3 139.24 139.08 139.01 138.98 139 139.02 139.02 139.02 138.99 138.96 139.1 139.13 139.23 139.35 139.34 139.28 139.17 139.24 139.31 139.38 139.45 139.51 139.53 139.55 139.57 139.6 139.62 139.64 139.66 139.68 139.71 139.73 139.75 139.82 139.99 139.96 139.99 140 140 140.01 140.02 140.04 140.01 139.99 139.98 139.97 139.75 139.7 139.7 139.7 139.69 139.71 139.73 139.73 139.71 139.69 139.66 139.64 139.63 139.61 139.57 139.54 139.53
138.32 138.35 138.69 139.24 139.27 139.28 139.28 139.29 139.31 139.19 139.03 139.02 138.99 138.99 139.01 139.01 138.99 138.96 139.08 139.1 139.16 139.23 139.35 139.39 139.22 139.06 139.13 139.2 139.27 139.34 139.41 139.48 139.56 139.59 139.61 139.63 139.65 139.68 139.7 139.72 139.74 139.78 139.82 139.93 139.97 139.97 139.98 139.97 140.03 140.05 140.04 140.02 139.99 139.99 139.96 139.7 139.7 139.7 139.71 139.7 139.7 139.74 139.72 139.7 139.68 139.65 139.63 139.61 139.58 139.56 139.53 139.51
138.62 138.65 138.91 139.27 139.3 139.29 139.23 139.22 139.21 139.07 139.01 138.99 138.99 139.01 139.01 139 138.98 138.99 139.09 139.12 139.22 139.29 139.36 139.3 139.15 138.97 139.02 139.09 139.16 139.23 139.31 139.38 139.45 139.52 139.59 139.64 139.67 139.69 139.71 139.73 139.75 139.79 139.74 139.74 139.79 139.98 139.98 139.96 140 140.01 140.04 140.04 140.01 140.01 139.95 139.69 139.7 139.7 139.7 139.71 139.71 139.73 139.71 139.69 139.67 139.64 139.62 139.6 139.57 139.55 139.52 139.5
138.91 138.96 139.14 139.28 139.31 139.24 139.23 139.21 139.14 139.03 138.99 138.98 138.99 139 139.01 138.99 138.97 139 139.1 139.16 139.24 139.3 139.36 139.21 139.03 138.9 138.91 138.99 139.06 139.13 139.2 139.27 139.34 139.41 139.48 139.55 139.62 139.7 139.72 139.75 139.81 139.77 139.72 139.71 139.9 140 139.99 140 139.99 139.97 140.02 140.02 140.01 140.01 139.96 139.7 139.7 139.7 139.7 139.7 139.71 139.73 139.71 139.68 139.66 139.64 139.61 139.59 139.57 139.54 139.52 139.5
139.21 139.26 139.28 139.33 139.3 139.25 139.22 139.17 139.02 139 138.95 138.98 139 139.01 139 138.97 138.94 139.03 139.1 139.07 139.09 139.1 139.14 139.05 138.91 138.83 138.81 138.88 138.95 139.02 139.09 139.16 139.23 139.3 139.37 139.45 139.52 139.59 139.66 139.74 139.75 139.73 139.72 139.77 140 140.01 140 139.99 139.98 139.97 140.03 140.02 140.01 140 139.88 139.69 139.7 139.71 139.7 139.7 139.74 139.73 139.7 139.68 139.66 139.64 139.61 139.59 139.57 139.55 139.52 139.5
139.27 139.32 139.28 139.28 139.27 139.24 139.22 139.12 138.99 138.97 138.96 138.99 139 139 138.99 138.96 139 139.06 139.09 138.98 138.9 138.85 138.83 138.83 138.82 138.74 138.7 138.77 138.84 138.91 138.98 139.05 139.13 139.2 139.27 139.37 139.48 139.59 139.7 139.77 139.73 139.74 139.74 140 140.02 140.01 139.99 139.98 139.99 140.02 140.03 140.01 140.01 140 139.98 139.95 139.86 139.77 139.7 139.7 139.72 139.73 139.7 139.68 139.66 139.64 139.61 139.59 139.57 139.54 139.52 139.5
139.34 139.31 139.29 139.24 139.26 139.23 139.19 139.05 138.96 138.95 138.97 138.99 138.99 138.99 138.97 138.95 139.03 139.09 139.09 138.98 138.86 138.78 138.74 138.72 138.64 138.6 138.59 138.66 138.73 138.84 138.95 139.04 139.11 139.19 139.27 139.34 139.42 139.49 139.7 139.74 139.74 139.74 139.72 139.88 139.97 140.01 140.01 140 139.99 140.03 139.99 140.02 140.01 140.01 140.02 140 139.98 139.71 139.7 139.7 139.73 139.72 139.7 139.68 139.66 139.63 139.61 139.59 139.56 139.54 139.52 139.5
139.32 139.26 139.28 139.27 139.25 139.23 139.16 139.07 138.98 138.94 138.97 138.98 138.99 138.98 138.96 139.02 139.07 139.11 139.04 138.95 138.86 138.77 138.67 138.6 138.57 138.5 138.48 138.46 138.54 138.62 138.69 138.77 138.84 138.92 139 139.04 139.04 139.46 139.77 139.74 139.73 139.73 139.72 139.72 139.88 140.02 140.04 140.05 140.03 140.03 140.02 140.06 140.01 140.02 140 140.02 139.98 139.72 139.71 139.7 139.7 139.73 139.7 139.68 139.65 139.63 139.61 139.58 139.56 139.54 139.52 139.49
139.26 139.26 139.26 139.27 139.28 139.18 139.1 139.02 138.94 138.95 138.96 138.98 138.98 138.96 138.96 139.08 139.12 139.11 139.01 138.92 138.84 138.75 138.64 138.54 138.51 138.45 138.42 138.36 138.27 138.34 138.42 138.5 138.57 138.6 138.6 138.77 139.23 139.62 139.75 139.74 139.74 139.7 139.72 139.71 139.96 139.99 140 140 140.01 139.98 140.02 140.02 140 140.02 139.87 139.9 139.9 139.73 139.72 139.79 139.7 139.74 139.71 139.68 139.65 139.63 139.61 139.58 139.56 139.54 139.51 139.49
139.24 139.26 139.24 139.22 139.26 139.17 139.02 138.97 138.92 138.95 138.97 138.98 138.97 138.96 139.05 139.1 139.12 139.06 138.96 138.88 138.79 138.69 138.61 138.51 138.42 138.37 138.3 138.24 138.17 138.14 138.15 138.15 138.15 138.15 138.52 138.65 139.25 139.76 139.74 139.74 139.73 139.72 139.71 139.81 139.99 140 140.01 140 140.02 140.01 140.02 140.01 140 139.98 139.73 139.73 139.72 139.73 139.73 139.74 139.72 139.74 139.72 139.69 139.65 139.62 139.6 139.58 139.55 139.53 139.51 139.49
139.25 139.24 139.22 139.19 139.19 139.08 138.97 138.93 138.94 138.96 138.98 138.97 138.95 138.96 139.07 139.12 139.09 138.99 138.92 138.82 138.74 138.64 138.57 138.48 138.39 138.29 138.21 138.16 138.09 138.02 137.98 137.89 137.81 137.76 138.27 138.75 139.27 139.75 139.74 139.73 139.87 139.81 139.72 139.96 140.01 140.02 140.03 140.01 139.97 139.99 140.01 140.02 139.99 139.97 139.74 139.72 139.73 139.74 139.73 139.77 139.73 139.72 139.73 139.7 139.67 139.63 139.61 139.57 139.55 139.53 139.51 139.48
139.29 139.22 139.19 139.16 139.13 138.96 138.93 138.94 138.95 138.99 138.99 138.97 138.92 138.98 139.09 139.1 139.01 138.9 138.82 138.76 138.69 138.61 138.52 138.43 138.35 138.26 138.17 138.08 137.99 137.94 137.88 137.8 137.72 137.68 137.62 137.66 138.34 139.39 139.74 139.74 140 140.03 140 140.02 140.03 140.04 140.04 140.03 140.05 140.01 140.02 140.02 140 139.97 139.72 139.73 139.73 139.72 139.74 139.75 139.76 139.74 139.75 139.71 139.68 139.65 139.62 139.59 139.55 139.53 139.5 139.48
139.26 139.22 139.17 139.13 139.02 138.97 138.92 138.92 138.96 138.98 138.97 138.96 138.92 139.05 139.11 139.02 138.88 138.82 138.78 138.72 138.64 138.56 138.47 138.38 138.3 138.21 138.13 138.06 137.96 137.87 137.77 137.71 137.67 137.61 137.55 137.51 137.43 137.34 138.22 139.57 140.06 140.05 140.05 140.04 140.05 140.05 140.05 140.03 140.04 140.02 140.02 140.02 140.03 139.97 139.73 139.73 139.73 139.73 139.72 139.74 139.74 139.76 139.76 139.72 139.69 139.67 139.63 139.6 139.56 139.53 139.5 139.48
139.24 139.21 139.16 139.11 138.97 138.96 138.92 138.95 138.95 138.97 138.95 138.93 138.98 139.06 139.06 138.87 138.83 138.78 138.72 138.69 138.6 138.53 138.42 138.34 138.25 138.18 138.1 138.03 137.94 137.83 137.75 137.65 137.57 137.54 137.47 137.42 137.35 137.32 137.24 137.23 137.67 140.05 140.06 140.05 140.06 140.07 140.05 140.1 140.09 140.02 140.03 140.04 140.05 140.04 140.03 139.93 139.73 139.73 139.73 139.75 139.74 139.75 139.76 139.73 139.7 139.68 139.65 139.62 139.58 139.54 139.51 139.47
139.21 139.2 139.16 139.05 138.99 138.92 138.93 138.95 138.96 138.95 138.93 138.88 138.97 139 138.89 138.82 138.75 138.73 138.69 138.64 138.61 138.58 138.47 138.37 138.22 138.13 138.06 137.98 137.9 137.82 137.73 137.63 137.53 137.45 137.36 137.31 137.27 137.22 137.18 137.18 137.15 137.14 137.03 137.57 137.33 138.49 138.91 139.41 140.07 140.05 140.05 140.06 140.08 140.09 140.07 140.05 139.74 139.73 139.74 139.72 139.68 139.75 139.79 139.75 139.67 139.63 139.6 139.57 139.54 139.5 139.47 139.46
139.2 139.2 139.16 138.98 138.95 138.92 138.95 138.97 138.97 138.95 138.92 138.94 139 139.02 138.87 138.8 138.72 138.69 138.66 138.63 138.62 138.59 138.47 138.45 138.35 138.19 138.04 137.95 137.87 137.79 137.7 137.61 137.52 137.42 137.33 137.26 137.19 137.15 137.11 137.09 137.1 137.07 137.02 137 136.99 136.99 137 136.99 137.01 137.31 138.81 138.93 140.06 140.07 140.05 140.04 139.76 139.74 139.73 139.72 139.66 139.71 139.73 139.7 139.62 139.58 139.55 139.52 139.48 139.45 139.44 139.44
139.21 139.19 139.08 138.99 138.93 138.93 138.97 138.98 138.97 138.96 138.92 138.96 139.02 138.98 138.89 138.81 138.73 138.68 138.64 138.64 138.67 138.63 138.47 138.42 138.34 138.25 138.14 137.97 137.83 137.73 137.67 137.58 137.49 137.4 137.32 137.25 137.19 137.15 137.12 137.1 137.08 137.05 137.04 137.03 137 137.01 137.01 137 136.99 136.96 136.96 136.96 137.01 137.08 137.32 137.68 138.25 139.26 139.36 139.49 139.48 139.59 139.68 139.6 139.57 139.53 139.5 139.46 139.43 139.43 139.43 139.42
139.21 139.18 139.08 139.02 138.94 138.95 138.97 138.97 138.96 138.94 138.94 139.01 139.01 138.91 138.81 138.71 138.61 138.56 138.55 138.61 138.6 138.55 138.53 138.41 138.33 138.24 138.14 138.03 137.93 137.81 137.66 137.54 137.46 137.38 137.31 137.25 137.2 137.17 137.15 137.12 137.1 137.08 137.06 137.05 137.04 137.03 137.02 137.01 136.98 136.95 136.95 136.96 136.99 137.02 137.27 137.58 137.77 138.09 138.46 138.85 139.24 139.42 139.53 139.51 139.51 139.47 139.44 139.42 139.42 139.42 139.42 139.4
139.23 139.11 139.02 138.98 138.95 138.97 138.98 138.98 138.96 138.92 139.01 139.02 138.93 138.81 138.71 138.61 138.49 138.44 138.44 138.49 138.43 138.41 138.36 138.33 138.34 138.26 138.15 138.07 137.95 137.81 137.73 137.63 137.45 137.37 137.3 137.23 137.19 137.18 137.16 137.14 137.12 137.11 137.09 137.08 137.06 137.04 137.01 136.99 136.97 136.94 136.92 136.96 137 137.05 137.33 137.68 137.86 138.22 138.55 138.93 139.28 139.43 139.46 139.42 139.43 139.41 139.41 139.4 139.4 139.4 139.4 139.38
139.21 139.03 138.97 138.95 138.96 138.99 138.99 138.97 138.94 138.97 139.02 139.02 138.86 138.71 138.61 138.51 138.37 138.32 138.32 138.33 138.29 138.25 138.22 138.26 138.29 138.21 138.1 138.02 137.94 137.78 137.71 137.62 137.53 137.41 137.34 137.28 137.22 137.21 137.19 137.16 137.14 137.12 137.1 137.09 137.08 137.06 137.05 137.01 136.96 136.95 136.94 136.97 137.01 137.04 137.43 137.76 137.93 138.28 138.72 139.08 139.69 139.69 139.4 139.4 139.38 139.38 139.38 139.36 139.36 139.37 139.36 139.37
139.11 138.99 138.95 138.94 138.97 138.99 138.99 138.96 138.93 139.01 139.02 138.97 138.79 138.62 138.51 138.4 138.25 138.2 138.2 138.17 138.14 138.12 138.16 138.2 138.23 138.16 138.05 137.98 137.9 137.78 137.68 137.61 137.52 137.39 137.41 137.45 137.39 137.34 137.31 137.31 137.28 137.24 137.17 137.13 137.09 137.07 137.07 137.05 137.01 137 137 137 137.03 137.07 137.47 137.62 137.94 138.31 138.68 139.15 139.66 139.56 139.39 139.38 139.37 139.37 139.36 139.34 139.33 139.34 139.32 139.32
139.02 138.98 138.94 138.97 138.98 139 138.98 138.95 138.94 138.98 139 138.92 138.73 138.57 138.41 138.29 138.14 138.03 138.06 138.02 138.02 138.06 138.1 138.13 138.17 138.11 138 137.93 137.86 137.77 137.64 137.59 137.5 137.41 137.44 137.46 137.49 137.48 137.47 137.5 137.51 137.5 137.49 137.51 137.48 137.35 137.28 137.19 137.09 137.08 137.05 137.05 137.06 137.14 137.51 137.66 137.9 138.29 138.63 139.16 139.47 139.43 139.47 139.43 139.39 139.39 139.38 139.37 139.34 139.32 139.31 139.31
138.99 138.96 138.95 138.97 139 139 138.97 138.94 138.96 139 139.03 138.91 138.7 138.5 138.31 138.18 138.03 137.91 137.9 137.91 137.95 137.99 138.03 138.07 138.11 138.06 137.95 137.88 137.81 137.72 137.61 137.55 137.48 137.44 137.47 137.49 137.47 137.46 137.47 137.46 137.46 137.47 137.47 137.47 137.48 137.49 137.49 137.5 137.52 137.52 137.42 137.34 137.26 137.48 137.62 137.88 137.99 138.41 138.73 139.15 139.07 139.15 139.23 139.29 139.3 139.33 139.35 139.28 139.21 139.26 139.27 139.3
138.96 138.95 138.97 138.99 139.01 138.98 138.96 138.92 138.98 139.03 139 138.83 138.64 138.45 138.26 138.06 137.91 137.78 137.81 137.85 137.89 137.93 137.97 138 138.04 138 137.91 137.83 137.76 137.68 137.6 137.5 137.46 137.46 137.47 137.48 137.46 137.46 137.46 137.46 137.45 137.45 137.44 137.44 137.44 137.45 137.46 137.47 137.48 137.5 137.52 137.42 137.55 137.57 137.58 137.8 137.91 138.49 138.7 138.94 138.78 138.86 138.93 138.97 139 139.03 139.06 138.99 138.95 138.98 139 139.04
138.97 138.96 138.98 138.99 139.01 138.98 138.96 138.95 139 139.04 138.94 138.75 138.57 138.38 138.19 138.02 137.86 137.73 137.75 137.79 137.82 137.86 137.9 137.94 137.98 137.95 137.86 137.78 137.71 137.64 137.57 137.46 137.46 137.45 137.46 137.46 137.44 137.44 137.44 137.44 137.44 137.42 137.42 137.41 137.41 137.42 137.43 137.44 137.46 137.48 137.49 137.51 137.52 137.53 137.54 137.72 137.93 138.29 138.51 138.4 138.5 138.58 138.63 138.67 138.71 138.73 138.76 138.7 138.68 138.71 138.73 138.77
138.95 138.97 138.99 139.02 139 138.98 138.93 139.01 139.04 139.01 138.95 138.79 138.54 138.32 138.15 137.98 137.82 137.76 137.74 137.72 137.76 137.8 137.84 137.88 137.91 137.9 137.81 137.74 137.66 137.59 137.51 137.45 137.44 137.44 137.44 137.44 137.43 137.41 137.41 137.41 137.39 137.4 137.4 137.37 137.37 137.39 137.4 137.42 137.42 137.45 137.49 137.47 137.49 137.5 137.51 137.65 137.99 138.09 138.29 138.12 138.22 138.29 138.32 138.37 138.41 138.44 138.46 138.41 138.42 138.44 138.46 138.51
138.97 138.98 139.01 139.02 138.99 138.97 139.02 139.07 139.1 139.07 139.04 139.04 138.75 138.44 138.19 137.99 137.82 137.77 137.76 137.74 137.73 137.73 137.77 137.81 137.85 137.85 137.76 137.69 137.61 137.54 137.48 137.44 137.43 137.43 137.42 137.41 137.41 137.39 137.38 137.39 137.38 137.37 137.35 137.35 137.34 137.36 137.38 137.39 137.41 137.42 137.47 137.45 137.45 137.46 137.47 137.57 137.85 137.9 137.79 137.85 137.93 137.99 138.02 138.07 138.11 138.15 138.16 138.13 138.16 138.18 138.19 138.25
138.98 139 139.02 139 138.99 139.01 139.07 139.09 139.11 139.09 139.08 138.98 138.69 138.45 138.2 137.87 137.85 137.84 137.77 137.75 137.74 137.73 137.71 137.75 137.78 137.79 137.71 137.64 137.57 137.52 137.49 137.44 137.41 137.41 137.4 137.4 137.39 137.37 137.37 137.36 137.34 137.34 137.32 137.32 137.33 137.33 137.34 137.35 137.37 137.39 137.4 137.43 137.42 137.42 137.43 137.49 137.65 137.7 137.54 137.58 137.65 137.69 137.71 137.77 137.81 137.86 137.87 137.85 137.9 137.91 137.92 137.99
138.99 139.02 139.02 139 138.98 139.04 139.09 139.13 139.14 139.13 139.04 138.87 138.63 138.23 137.91 137.89 137.88 137.86 137.84 137.8 137.76 137.73 137.72 137.72 137.72 137.74 137.67 137.6 137.56 137.53 137.48 137.45 137.4 137.4 137.38 137.36 137.35 137.34 137.34 137.34 137.32 137.32 137.3 137.29 137.28 137.28 137.29 137.32 137.33 137.35 137.35 137.37 137.39 137.38 137.4 137.41 137.45 137.38 137.36 137.37 137.38 137.39 137.41 137.47 137.52 137.57 137.57 137.6 137.63 137.64 137.65 137.72
139.02 139.02 139.01 139.01 138.97 139.08 139.1 139.14 139.14 139.12 139.07 138.76 138.25 137.95 137.93 137.91 137.9 137.88 137.87 137.85 137.83 137.78 137.75 137.72 137.7 137.69 137.63 137.59 137.57 137.58 137.5 137.45 137.44 137.41 137.39 137.37 137.36 137.33 137.31 137.29 137.29 137.28 137.28 137.28 137.26 137.26 137.28 137.27 137.31 137.31 137.3 137.32 137.33 137.33 137.35 137.37 137.37 137.35 137.34 137.34 137.34 137.34 137.35 137.36 137.36 137.35 137.35 137.36 137.37 137.37 137.39 137.44
139.02 139.03 139.02 139.02 139.08 139.1 139.02 139.05 139.12 139.16 138.79 138.28 137.99 137.97 137.95 137.94 137.92 137.91 137.89 137.87 137.86 137.84 137.79 137.77 137.75 137.7 137.67 137.64 137.62 137.56 137.51 137.47 137.47 137.47 137.42 137.41 137.39 137.36 137.35 137.33 137.31 137.29 137.28 137.27 137.24 137.23 137.25 137.25 137.27 137.28 137.28 137.29 137.3 137.31 137.31 137.32 137.3 137.32 137.31 137.32 137.33 137.33 137.33 137.33 137.33 137.33 137.32 137.33 137.32 137.34 137.34 137.33
