Eyrolles conference/FME-RasterMozaiker-Délimitation.asc
ncols 246
nrows 211
xllcorner 2051097.5595944666
yllcorner 7276591.118082277
cellsize 1.0009862217800691
nodata_value -99999
[rows 96 to 127 of 211, columns 144 to 215 of 246]
137.78 137.72 137.67 137.67 137.66 137.67 137.7 137.7 137.7 137.71 137.72 137.73 137.72 137.76 137.9 139.2 139.16 139.16 139.16 139.13 139.22 139.24 139.33 139.37 139.41 139.37 139.42 139.48 139.48 139.46 139.45 139.44 139.44 139.45 139.45 139.49 139.55 139.48 139.5 139.42 139.47 139.59 139.5 139.39 139.2 139.01 138.83 138.63 138.49 138.46 138.43 138.45 138.44 138.43 138.42 138.41 138.41 138.36 138.37 138.39 138.43 138.5 138.51 138.58 138.69 138.69 138.72 138.66 138.67 138.57 138.41 138.21
137.79 137.73 137.69 137.65 137.61 137.61 137.65 137.65 137.63 137.66 137.69 137.7 137.74 137.84 138.28 139.31 139.28 139.23 139.16 139.13 139.13 139.14 139.16 139.2 139.24 139.3 139.4 139.47 139.47 139.47 139.46 139.46 139.45 139.45 139.46 139.47 139.52 139.48 139.4 139.37 139.32 139.33 139.38 139.22 139.1 138.95 138.75 138.61 138.52 138.48 138.46 138.48 138.52 138.46 138.44 138.43 138.42 138.41 138.4 138.37 138.39 138.52 138.56 138.65 138.71 138.71 138.68 138.63 138.69 138.5 138.35 138.16
137.78 137.8 137.75 137.69 137.61 137.58 137.59 137.61 137.63 137.63 137.65 137.72 138.12 138.56 138.91 139.3 139.31 139.27 139.14 139.07 139.09 139.1 139.09 139.1 139.13 139.21 139.3 139.36 139.41 139.44 139.43 139.33 139.38 139.47 139.47 139.47 139.5 139.51 139.44 139.41 139.37 139.31 139.27 139.21 139.17 139.05 138.88 138.58 138.48 138.49 138.51 138.54 138.5 138.48 138.46 138.44 138.43 138.42 138.41 138.39 138.42 138.58 138.71 138.62 138.59 138.59 138.7 138.65 138.61 138.42 138.28 138.14
137.79 137.74 137.62 137.55 137.47 137.47 137.49 137.5 137.52 137.51 137.56 137.62 138.05 138.48 138.85 139.08 139.01 138.9 139.16 139.01 139.06 139.1 139.1 139.09 139.05 139.11 139.2 139.27 139.32 139.35 139.38 139.28 139.39 139.42 139.46 139.46 139.5 139.48 139.45 139.42 139.39 139.35 139.29 139.25 139.23 139.18 139.12 139 138.76 138.51 138.32 138.28 138.28 138.36 138.42 138.47 138.47 138.43 138.42 138.39 138.42 138.49 138.64 138.61 138.58 138.58 138.51 138.63 138.55 138.38 138.26 138.08
137.75 137.6 137.48 137.41 137.34 137.36 137.38 137.4 137.41 137.4 137.46 137.55 137.99 138.36 138.75 138.85 138.71 138.54 138.5 138.81 138.86 139.04 139.1 139.23 139.16 139.02 139.09 139.15 139.23 139.27 139.33 139.24 139.33 139.38 139.41 139.41 139.42 139.42 139.39 139.36 139.34 139.33 139.3 139.28 139.25 139.14 139.12 139.04 138.93 138.54 138.1 137.69 137.37 137.19 137.41 137.75 138.16 138.36 138.43 138.4 138.41 138.48 138.54 138.57 138.56 138.56 138.51 138.49 138.39 138.25 138.13 138.03
137.63 137.46 137.34 137.27 137.22 137.26 137.27 137.29 137.3 137.3 137.37 137.49 137.92 138.29 138.53 138.59 138.42 138.24 138.07 138.09 138.25 139.01 139.01 139.04 139.05 138.95 138.98 139.04 139.09 139.18 139.23 139.24 139.28 139.3 139.32 139.33 139.32 139.34 139.35 139.33 139.29 139.29 139.26 139.23 139.23 139.2 139.1 139.03 138.88 138.57 138.08 137.61 137.31 137.13 137.1 137.1 137.1 137.26 137.57 138.35 138.4 138.45 138.46 138.52 138.53 138.53 138.52 138.48 138.38 138.26 138.14 138.01
137.5 137.32 137.2 137.13 137.11 137.15 137.17 137.19 137.19 137.21 137.26 137.43 137.8 138.2 138.3 138.3 138.12 137.95 137.77 137.59 137.63 138.52 139.03 138.89 138.86 138.78 138.81 138.87 138.94 139.09 139.12 139.14 139.18 139.2 139.21 139.22 139.18 139.19 139.22 139.28 139.28 139.27 139.24 139.18 139.21 139.33 139.2 138.91 138.61 138.41 137.87 137.4 137.21 137.13 137.1 137.09 137.1 137.07 137.06 137.02 137.03 137.19 138 138.43 138.45 138.45 138.45 138.42 138.36 138.25 138.13 137.96
137.37 137.19 137.06 136.99 137 137.04 137.06 137.08 137.08 137.11 137.14 137.37 137.74 137.98 138.07 138 137.83 137.65 137.47 137.3 137.17 138.44 138.97 138.82 138.68 138.61 138.68 138.73 138.82 138.96 139.03 139.06 139.08 139.12 139.13 139.14 139.16 139.18 139.19 139.19 139.2 139.11 139.03 138.99 139.09 138.79 138.54 138.4 138.19 137.89 137.3 137.19 137.13 137.1 137.1 137.09 137.08 137.07 137.07 137.07 137.06 137.09 137.07 137.05 137.16 137.16 137.41 138.01 138.16 138.12 137.98 137.92
137.25 137.05 136.92 136.88 136.89 136.94 136.95 136.97 136.97 137.01 137.03 137.24 137.65 137.75 137.85 137.71 137.53 137.35 137.18 137.08 136.98 138.04 138.7 138.64 138.49 138.44 138.5 138.59 138.72 138.89 138.97 139 139 139.04 139.06 139.09 139.08 139.11 139.11 139.07 139 138.98 138.89 138.88 138.94 138.64 138.34 138.04 137.74 137.43 137.13 137.11 137.09 137.07 137.09 137.07 137.08 137.08 137.07 137.08 137.08 137.1 137.1 137.08 137.05 137.05 137.08 137.03 137.05 137.21 137.66 137.77
137.04 136.93 136.78 136.76 136.78 136.83 136.85 136.86 136.86 136.9 136.91 137.18 137.42 137.52 137.58 137.41 137.23 137.06 136.96 136.94 136.8 137.83 138.51 138.4 138.31 138.28 138.36 138.44 138.58 138.8 138.9 138.92 138.95 138.96 138.98 139 139.02 139.02 138.98 138.97 138.9 138.82 138.74 138.76 138.79 138.49 138.19 137.89 137.58 137.28 137.1 137.08 137.06 137.05 137.07 137.07 137.07 137.07 137.05 137.07 137.05 137.07 137.11 137.12 137.08 137.08 137.09 137.06 137.05 137.05 137.13 137.43
136.6 136.7 136.65 136.64 136.67 136.72 136.75 136.75 136.76 136.79 136.69 137.1 137.19 137.29 137.29 137.11 136.94 136.85 136.82 136.8 136.5 138.21 138.4 138.21 138.08 138.13 138.21 138.3 138.47 138.75 138.81 138.83 138.85 138.87 138.91 138.91 138.96 138.95 138.91 138.83 138.75 138.66 138.58 138.64 138.64 138.34 138.04 137.73 137.43 137.13 137.07 137.08 137.04 137.05 137.06 137.07 137.05 137.05 137.04 137.04 137.05 137.06 137.1 137.12 137.12 137.12 137.09 137.08 137.07 137.1 137.18 137.28
136.5 136.48 136.5 136.53 136.56 136.62 136.64 136.64 136.66 136.68 136.62 136.87 136.97 137.06 136.99 136.82 136.73 136.7 136.68 136.61 136.43 136.48 137.95 137.92 137.91 137.98 138.02 138.13 138.38 138.71 138.75 138.75 138.77 138.8 138.82 138.84 138.91 138.84 138.75 138.67 138.59 138.51 138.43 138.51 138.49 138.19 137.88 137.58 137.28 137.12 137.08 137.07 137.04 137.05 137.06 137.07 137.08 137.06 137.06 137.05 137.05 137.09 137.12 137.11 137.11 137.11 137.1 137.09 137.08 137.1 137.15 137.29
136.49 136.51 136.49 136.46 136.43 136.51 136.53 136.53 136.55 136.45 136.54 136.64 136.74 136.84 136.7 136.61 136.59 136.56 136.54 136.48 136.46 136.76 137.64 137.68 137.73 137.81 137.88 138.02 138.27 138.62 138.66 138.67 138.68 138.69 138.72 138.74 138.76 138.68 138.6 138.51 138.43 138.35 138.28 138.36 138.34 138.03 137.73 137.43 137.13 137.1 137.08 137.05 137.04 137.05 137.07 137.08 137.08 137.05 137.07 137.07 137.08 137.1 137.13 137.12 137.13 137.13 137.1 137.08 137.06 137.06 137.09 137.2
136.5 136.49 136.46 136.43 136.42 136.42 136.44 136.45 136.45 136.44 136.41 136.41 136.51 136.58 136.49 136.47 136.47 136.47 136.46 136.47 136.49 136.93 137.48 137.5 137.55 137.65 137.72 137.89 138.35 138.57 138.59 138.6 138.6 138.6 138.62 138.67 138.61 138.52 138.44 138.36 138.28 138.19 138.16 138.21 138.18 137.88 137.58 137.28 137.11 137.06 137.07 137.04 137.05 137.06 137.07 137.08 137.08 137.07 137.06 137.08 137.09 137.12 137.15 137.15 137.15 137.15 137.12 137.06 137.05 137.06 137.22 137.05
136.51 136.46 136.46 136.43 136.41 136.4 136.41 136.43 136.44 136.45 136.47 136.45 136.44 136.41 136.44 136.44 136.45 136.45 136.46 136.47 136.51 136.92 137.23 137.26 137.36 137.45 137.56 137.91 138.24 138.48 138.49 138.49 138.49 138.49 138.51 138.56 138.45 138.36 138.28 138.2 138.12 138.04 138.04 138.06 138.03 137.73 137.43 137.13 137.09 137.06 137.06 137.04 137.05 137.06 137.08 137.08 137.08 137.07 137.06 137.08 137.1 137.14 137.16 137.15 137.17 137.17 137.12 137.1 137.05 137.05 137 136.87
136.5 136.5 136.5 136.44 136.41 136.4 136.41 136.43 136.45 136.46 136.46 136.47 136.46 136.46 136.45 136.44 136.43 136.43 136.37 136.47 136.53 136.66 136.9 137.07 137.18 137.27 137.44 137.95 138.34 138.4 138.41 138.39 138.39 138.38 138.4 138.4 138.29 138.21 138.13 138.04 137.96 137.88 137.9 137.91 137.88 137.58 137.28 137.11 137.08 137.07 137.05 137.04 137.05 137.07 137.08 137.08 137.08 137.07 137.07 137.07 137.1 137.13 137.15 137.16 137.12 137.12 137.13 137.13 137.1 137.08 136.95 136.71
136.81 136.79 136.63 136.48 136.44 136.44 136.43 136.48 136.47 136.47 136.47 136.46 136.45 136.45 136.44 136.43 136.42 136.42 136.43 136.47 136.53 136.66 136.79 136.92 137.06 137.16 137.34 137.91 138.31 138.34 138.33 138.3 138.28 138.25 138.28 138.24 138.12 138.02 137.95 137.89 137.81 137.73 137.76 137.76 137.73 137.43 137.13 137.09 137.07 137.06 137.03 137.05 137.06 137.07 137.08 137.08 137.08 137.07 137.07 137.06 137.09 137.12 137.15 137.15 137.11 137.11 137.12 137.11 137.12 137.08 136.92 136.73
137.09 137.1 137.07 136.95 136.9 136.73 136.55 137.03 136.83 136.68 136.54 136.5 136.47 136.46 136.45 136.44 136.42 136.41 136.43 136.46 136.54 136.62 136.72 136.84 136.94 137.05 137.33 138.13 138.27 138.27 138.25 138.23 138.19 138.13 138.08 138.08 137.93 137.86 137.79 137.73 137.65 137.59 137.61 137.62 137.58 137.28 137.1 137.07 137.05 137.06 137.04 137.05 137.06 137.08 137.08 137.08 137.08 137.07 137.07 137.06 137.09 137.13 137.14 137.14 137.14 137.14 137.16 137.12 137.14 137.07 136.87 136.72
137.02 137.03 137.05 137.05 137.06 137.08 137.05 137.06 137.08 137.11 137.1 136.87 136.84 136.58 136.52 136.47 136.45 136.43 136.44 136.48 136.53 136.59 136.66 136.76 136.86 136.97 137.34 138.12 138.21 138.2 138.18 138.14 138.09 138.02 137.94 137.85 137.77 137.67 137.6 137.55 137.49 137.44 137.46 137.47 137.43 137.13 137.08 137.06 137.06 137.05 137.04 137.06 137.07 137.08 137.08 137.08 137.07 137.07 137.07 137.06 137.09 137.11 137.12 137.13 137.13 137.13 137.14 137.1 137.15 137.11 136.81 136.76
137.02 137.03 137.03 137.03 137.03 137.03 137.06 137.06 137.07 137.07 137.07 137.09 137.1 137.11 136.93 136.83 136.67 136.68 136.55 136.52 136.54 136.59 136.64 136.71 136.78 136.87 137.51 138.08 138.16 138.14 138.1 138.07 138 137.94 137.84 137.75 137.66 137.58 137.49 137.4 137.34 137.3 137.31 137.32 137.28 137.09 137.06 137.05 137.06 137.02 137.05 137.06 137.07 137.09 137.08 137.08 137.07 137.07 137.06 137.07 137.1 137.11 137.12 137.12 137.13 137.13 137.13 137.09 137.1 137.06 136.82 136.79
137.01 137.03 137.03 137.04 137.05 137.04 137.06 137.07 137.08 137.09 137.08 137.09 137.09 137.1 137.1 137.12 137.15 137.15 137.15 136.92 136.94 136.75 136.66 136.71 136.75 136.89 137.6 137.99 138.09 138.06 138.04 137.99 137.93 137.86 137.79 137.68 137.6 137.53 137.44 137.37 137.31 137.26 137.21 137.17 137.12 137.08 137.05 137.03 137.05 137.04 137.06 137.05 137.08 137.09 137.08 137.08 137.07 137.08 137.1 137.09 137.12 137.11 137.11 137.11 137.12 137.12 137.11 137.11 137.12 137 136.78 136.8
137.02 137.03 137.05 137.04 137.02 137.19 137.08 137.08 137.08 137.07 137.09 137.1 137.11 137.12 137.13 137.14 137.16 137.16 137.15 137.16 137.14 137.16 137.09 136.92 136.94 136.98 137.42 137.71 137.99 137.99 137.96 137.92 137.87 137.8 137.71 137.62 137.55 137.48 137.41 137.34 137.3 137.24 137.19 137.14 137.09 137.05 137.04 137.03 137.05 137.04 137.05 137.06 137.09 137.09 137.08 137.09 137.1 137.11 137.1 137.11 137.12 137.12 137.11 137.1 137.1 137.1 137.1 137.11 137.19 137 136.79 136.87
137.05 137.11 137.3 137.25 137.44 137.41 137.42 137.28 137.25 137.15 137.12 137.1 137.11 137.09 137.13 137.15 137.17 137.17 137.17 137.15 137.15 137.13 137.12 137.11 137.1 137.09 137.15 137.25 137.59 137.57 137.6 137.79 137.81 137.74 137.65 137.56 137.49 137.44 137.38 137.31 137.27 137.22 137.17 137.14 137.09 137.06 137.03 137.01 137.01 137.02 137.05 137.07 137.09 137.09 137.1 137.11 137.11 137.1 137.1 137.15 137.13 137.13 137.11 137.09 137.08 137.08 137.07 137.13 137.13 136.97 136.83 136.86
137.37 137.33 137.38 137.46 137.66 137.57 137.46 137.65 137.87 137.78 137.56 137.38 137.27 137.2 137.18 137.16 137.17 137.17 137.16 137.15 137.15 137.13 137.12 137.11 137.09 137.09 137.09 137.09 137.08 137.09 137.11 137.24 137.63 137.66 137.61 137.55 137.46 137.38 137.32 137.28 137.25 137.21 137.17 137.14 137.09 137.06 137.03 137.02 137 137.01 137.04 137.05 137.08 137.09 137.1 137.1 137.11 137.12 137.16 137.16 137.14 137.15 137.13 137.09 137.08 137.08 137.09 137.17 137.03 137.08 137.02 136.8
137.64 137.61 137.65 137.98 138.11 138.2 138.56 138.73 138.91 138.69 138.13 137.73 137.62 137.51 137.45 137.38 137.21 137.24 137.25 137.17 137.15 137.13 137.12 137.11 137.11 137.11 137.1 137.09 137.08 137.07 137.06 137.06 137.08 137.04 137.19 137.25 137.41 137.36 137.33 137.26 137.24 137.19 137.14 137.12 137.1 137.08 137.05 137.01 136.99 137.01 137.03 137.05 137.06 137.08 137.09 137.12 137.11 137.13 137.15 137.18 137.16 137.16 137.14 137.12 137.09 137.09 137.14 137.28 137.32 137.36 137.27 137.13
137.88 137.84 137.81 138.16 138.32 138.72 138.95 139.31 139.28 139.09 138.8 138.38 138.17 138.02 137.85 137.67 137.58 137.56 137.54 137.44 137.34 137.27 137.16 137.12 137.11 137.1 137.11 137.1 137.08 137.09 137.05 137.03 137.03 137.02 137.03 137.01 137.07 137.08 137.1 137.22 137.26 137.2 137.19 137.15 137.12 137.1 137.07 137.05 137.04 137.03 137.04 137.06 137.05 137.08 137.09 137.1 137.12 137.14 137.17 137.2 137.17 137.16 137.14 137.12 137.08 137.08 137.08 137.16 137.41 137.65 137.66 137.65
138.11 138.08 138.27 138.24 138.55 138.72 139.29 139.32 139.31 139.21 139.11 138.92 138.67 138.51 138.36 138.16 137.96 137.95 137.93 137.8 137.68 137.55 137.45 137.34 137.17 137.12 137.11 137.1 137.09 137.08 137.04 137.03 137.03 137.03 137.02 137.02 137.02 137.01 137.04 137.07 137.06 137.1 137.15 137.14 137.09 137.08 137.07 137.07 137.08 137.07 137.07 137.07 137.07 137.08 137.1 137.13 137.13 137.14 137.16 137.15 137.16 137.17 137.15 137.13 137.1 137.1 137.1 137.12 137.42 137.74 137.78 137.79
138.34 138.31 138.51 138.47 138.64 138.94 139.28 139.33 139.32 139.36 139.3 139.15 138.97 138.9 138.69 138.51 138.34 138.48 138.41 138.22 138.17 137.99 137.8 137.54 137.35 137.13 137.11 137.1 137.06 137.05 137.05 137.03 137.02 137.03 137.04 137.03 137.03 137.02 137.02 137.01 137 136.99 137.01 137.01 137.04 137.02 137.05 137.04 137.07 137.12 137.14 137.11 137.09 137.11 137.13 137.13 137.15 137.17 137.17 137.15 137.11 137.12 137.11 137.09 137.12 137.12 137.1 137.22 137.92 137.78 137.83 137.8
138.58 138.78 138.74 138.71 138.72 139.03 139.31 139.33 139.33 139.34 139.34 139.31 139.16 139.08 138.93 138.83 138.79 138.74 138.69 138.51 138.51 138.47 138.28 137.94 137.51 137.14 137.09 137.08 137.06 137.07 137.09 137.04 137.04 137.03 137.05 137.06 137.04 137.02 137.02 137.01 137.01 137.01 137 136.99 136.98 136.97 136.97 136.99 137.03 137.05 137.12 137.17 137.14 137.16 137.17 137.2 137.23 137.2 137.18 137.15 137.11 137.14 137.11 137.09 137.06 137.06 137.07 137.17 137.62 137.88 137.83 137.77
138.81 139.01 138.97 138.94 138.9 139.11 139.36 139.36 139.34 139.34 139.32 139.32 139.26 139.22 139.19 139.14 139.07 138.98 138.92 138.79 138.84 138.85 138.8 138.73 138.2 137.31 137.13 137.07 137.04 137.04 137.04 137.04 137.05 137.04 137.05 137.11 137.14 137.09 137.03 137.02 137.01 137.01 137 136.99 136.99 136.98 136.96 136.96 136.95 136.94 136.95 137.01 137.06 137.07 137.16 137.14 137.2 137.21 137.25 137.19 137.13 137.1 137.09 137.09 137.08 137.08 137.07 137.21 137.56 137.82 137.74 137.66
139.28 139.24 139.21 139.17 139.14 139.19 139.36 139.35 139.35 139.37 139.36 139.33 139.29 139.27 139.24 139.23 139.21 139.15 139.14 139.08 139.16 139.21 139.24 139.25 138.67 138.32 138.13 137.73 137.3 137.04 137.06 137.09 137.12 137.14 137.16 137.17 137.23 137.26 137.11 137.04 137.07 137.06 137.03 137 136.99 136.98 136.98 136.97 136.96 136.95 136.94 136.94 136.92 136.92 136.94 136.99 137.03 137.09 137.17 137.17 137.12 137.11 137.11 137.1 137.09 137.09 137.09 137.18 137.46 137.69 137.6 137.46
139.48 139.45 139.43 139.4 139.37 139.34 139.35 139.35 139.37 139.36 139.37 139.35 139.31 139.27 139.25 139.26 139.22 139.19 139.22 139.22 139.23 139.24 139.26 139.27 139.28 139.19 138.62 138.01 137.42 137.35 137.31 137.34 137.33 137.32 137.31 137.3 137.31 137.43 137.19 137.06 137.18 137.13 137.02 137.04 137.03 137.02 137 136.99 136.97 136.95 136.95 136.95 136.95 136.93 136.89 136.93 136.95 136.98 137.01 137.07 137.13 137.07 137.08 137.08 137.08 137.08 137.08 137.15 137.36 137.55 137.45 137.33
